Player,4,1391.0667364,240.0,50.0,75.0,200.0,5
VictoryPole,140.0,320.0,10.0,100.0
Platform,0.0,0.0,85.0,1080.0
Platform,0.0,0.0,1535.0,50.0
Platform,1835.0,0.0,85.0,1080.0
Platform,1600.0,1050.0,50.0,130.0
Platform,1400.0,945.0,50.0,50.0
Platform,1600.0,840.0,50.0,50.0
Platform,1400.0,735.0,50.0,50.0
Platform,1600.0,630.0,50.0,50.0
Platform,1400.0,525.0,50.0,50.0
Platform,1600.0,420.0,50.0,50.0
Platform,1400.0,315.0,50.0,50.0
Platform,1020.0,960.0,50.0,50.0
Platform,650.0,960.0,50.0,50.0
Platform,0.0,1030.0,300.0,50.0
Platform,0.0,420.0,285.0,50.0
Enemy,1,1015.0,910.0,50.0,50.0,0.0,1
EnemyJ,1,630.0,640.7612124375574,50.0,50.0,0.0,1,true
