Platform,300,950,1835,130
Platform,0,0,85,1080
Platform,0,0,300,50
Platform,1835,0,85,1080
Platform,275,1050,25,25
Platform,450,830,25,25
Platform,600,760,25,25
Platform,750,690,25,25
Platform,900,620,25,25
Platform,1050,550,300,40
Platform,1600,850,25,100
Platform,1520,850,25,100
Platform,1690,700,25,25
Platform,1810,425,25,25
Platform,1810,300,25,25
Platform,1810,175,25,25
Platform,1810,50,25,25
Platform,1600,0,50,50
EnemyP,1,1050,490,50,50,350,1,1050,1350
Enemy,1,1525,850,50,50,0,1
Enemy,1,1675,600,50,50,0,1
Potion,400,900,20,20
